2,5 4,2 89,3
0,5 1,3 98,2
7,0 0,5 92,5
44,0 0,3 55,7
1,7 0,0 98,3
1,5 0,5 97,8
36,8 3,8 59,0
43,5 0,6 56,0
40,2 0,0 59,2
17,8 0,0 82,2
0,0 0,0 99,7
20,2 0,3 79,5
41,2 0,0 58,8
32,6 0,0 67,4
1,2 0,6 97,9
4,4 1,0 94,7
1,9 1,1 96,7
0,5 1,0 98,5
0,8 0,0 99,0
34,2 0,0 65,8
1,7 0,4 97,5
1,5 0,5 97,8
1,2 0,2 98,5
3,2 0,4 96,4
1,0 1,0 97,9
0,2 0,0 99,5
17,3 0,5 81,9
41,4 0,3 58,3
1,1 0,6 97,5
49,5 0,0 50,3
42,0 0,0 57,8
36,8 0,6 62,3
2,0 0,0 98,0
1,0 1,0 98,0
0,2 0,2 99,5
1,1 0,4 98,0
0,5 0,5 99,0
1,9 0,5 97,1
0,8 0,0 99,2
10,1 0,4 89,0
0,5 0,5 99,0
0,2 0,0 99,8
0,5 0,2 99,3
15,4 0,2 84,2
1,6 0,3 97,9
1,0 0,0 99,0
17,7 0,2 81,9
0,2 0,2 99,5
3,3 0,3 96,4
10,5 0,1 89,3
0,2 0,0 99,8
8,7 0,3 91,0
33,8 0,3 65,9
27,5 0,0 72,1
32,2 0,2 67,6
25,7 0,1 74,2
0,3 0,3 99,5
10,8 0,2 89,0
20,9 0,2 78,9
17,8 0,6 81,6
0,0 0,0 id,
0,5 0,7 98,8
1,9 0,5 97,6
28,1 0,0 71,8
23,6 0,2 76,1
0,0 0,0 id,
17,8 0,2 82,0
32,5 0,2 67,1
31,3 0,0 68,7
32,3 0,3 67,2
30,0 0,2 69,7
33,9 0,1 66,0
33,1 0,1 66,7
24,5 0,3 75,0
0,0 0,0 id,
0,3 0,9 98,8
34,2 0,3 65,5
6,7 0,0 93,3
0,2 0,5 99,0
0,4 0,2 99,4
0,2 0,2 99,5
5,7 0,1 94,1
1,0 0,3 98,7
0,5 0,0 99,0
0,3 0,0 99,7
0,0 0,5 99,5
0,5 0,0 99,5
2,4 0,0 97,6
0,5 0,0 99,5
0,5 0,0 99,5
0,3 0,3 99,4
0,0 0,2 99,8
2,0 0,0 98,0
19,4 0,0 80,6
8,7 0,0 91,1
14,4 0,2 85,1
7,8 0,0 92,2
1,9 0,5 97,6
0,5 0,0 99,5
1,0 0,0 98,5
1,9 0,5 97,6
1,9 0,0 97,6
0,5 0,0 99,5
0,2 0,0 99,5
0,3 0,3 99,5
0,0 0,0 id,
1,8 0,5 97,7
10,7 0,0 89,3
0,0 0,0 id,
0,5 0,2 99,0
1,0 0,0 99,0
0,3 0,0 99,7
2,3 0,1 97,5
0,0 0,0 id,
0,8 0,0 99,2
1,5 0,0 98,5
1,5 0,0 98,5
2,0 0,0 98,0
9,2 0,2 90,7
0,3 0,0 99,7
0,5 0,0 99,5
0,5 0,0 99,5
1,0 0,0 99,0
1,0 0,0 99,0
0,5 0,2 99,3
0,3 0,0 99,7
0,0 0,0 id,
0,5 0,3 99,2
0,0 0,3 99,7
0,5 0,5 98,9
1,0 0,0 99,0
0,5 0,0 99,2
0,5 0,2 99,3
0,5 0,0 99,5
0,2 0,0 99,5
1,0 0,0 99,0
0,8 0,0 99,2
1,0 0,5 98,5
0,8 0,0 99,2
0,2 0,0 99,5
1,0 0,0 99,0
0,8 0,8 98,2
0,0 0,0 99,7
12,7 0,2 87,1
1,4 0,0 98,6
0,8 0,0 99,2
1,0 0,0 99,0
1,0 0,0 99,0
0,5 0,3 98,7
0,5 0,2 99,3
0,0 0,0 id,
0,5 0,0 99,5
0,4 0,0 99,6
0,2 0,5 99,3
0,5 0,0 99,5
15,7 0,3 83,8
10,9 0,5 88,4
18,7 0,0 81,3
12,6 0,0 87,1
1,4 0,0 98,6
14,8 0,0 85,2
1,0 0,0 99,0
0,5 0,0 99,5
0,5 0,0 99,5
0,6 1,3 98,1
0,0 0,0 id,
2,0 0,3 97,7
19,8 0,0 80,2
0,5 0,0 99,2
0,5 0,0 99,5
1,0 0,0 99,0
4,3 0,0 95,7
22,5 0,8 76,7
8,6 0,0 91,4
0,5 0,0 99,5
0,5 0,0 99,5
0,5 0,0 99,5
0,5 0,0 99,5
4,2 0,5 94,8
0,5 0,0 99,5
0,9 0,0 99,1
0,0 0,3 99,7
0,2 0,2 99,5
30,4 0,3 69,3
33,6 0,0 66,4
35,4 0,3 64,3
30,5 0,0 69,5
34,9 0,3 64,5
31,1 0,0 68,5
34,4 0,0 65,6
30,5 0,0 69,5
33,8 0,0 66,2
36,4 0,0 63,6
33,7 0,0 66,1
34,5 0,0 65,5
35,4 0,0 64,6
35,9 0,0 63,9
34,4 0,0 65,6
31,8 0,1 68,0
29,9 0,0 70,1
33,1 0,3 66,6
35,2 0,0 64,8
30,9 0,0 69,1
32,2 0,0 67,8
36,4 0,2 63,3
31,8 0,0 68,1
36,6 0,0 63,1
34,3 0,0 65,7
29,4 0,0 70,6
32,4 0,0 67,6
31,8 0,2 67,9
33,4 0,0 66,6
37,6 0,0 62,4
30,7 0,0 69,3
33,4 0,0 66,6
32,2 0,0 67,8
26,9 0,3 72,5
0,2 0,2 99,5
0,5 0,0 99,5
32,0 0,3 67,7
32,6 0,0 67,4
28,6 0,0 71,4
37,3 0,3 62,1
31,5 0,0 68,5
30,1 0,0 69,9
35,0 0,0 65,0
31,2 0,0 68,8
34,6 0,0 65,4
32,3 0,2 67,2
34,1 0,0 65,9
32,5 0,0 67,5
33,4 0,0 66,3
31,1 0,0 68,9
33,8 0,0 66,2
29,8 0,2 69,8
31,5 0,0 68,2
32,7 0,0 67,3
37,2 0,0 62,5
34,4 0,3 65,3
31,5 0,0 68,5
31,6 0,0 68,4
35,5 0,0 64,2
32,7 0,2 67,1
30,1 0,0 69,9
33,0 0,2 66,6
33,9 0,0 65,8
34,9 0,2 64,9
33,5 0,0 66,5
34,7 0,0 65,3
41,6 0,0 58,1
33,0 0,3 66,7
38,3 0,0 61,7
39,8 0,2 60,0
36,7 0,3 62,7
21,8 0,3 77,9
0,0 0,5 99,5
0,4 0,0 99,6
30,4 0,3 68,9
16,1 0,4 83,1
33,7 0,3 66,0
32,4 0,0 67,6
33,0 0,3 66,5
32,1 0,0 67,7
33,0 0,0 67,0
33,4 0,0 66,6
32,4 0,0 67,6
34,6 0,0 65,0
33,3 0,0 66,7
34,9 0,0 64,8
31,1 0,2 68,7
36,6 0,0 63,1
33,1 0,0 66,9
32,5 0,0 67,5
34,8 0,3 65,0
31,2 0,0 68,5
29,0 0,0 70,7
34,9 0,0 64,8
34,5 0,0 65,5
34,3 0,0 65,7
37,7 0,0 62,3
30,5 0,0 69,5
31,5 0,0 68,3
29,8 0,0 70,2
31,1 0,0 68,9
31,2 0,2 68,1
31,6 0,0 68,4
31,1 0,0 68,9
33,5 0,3 65,9
32,2 0,0 67,5
32,5 0,0 67,3
30,9 0,3 68,9
26,3 0,2 73,3
0,0 0,0 id,
10,1 0,0 89,9
28,9 0,3 70,8
32,0 0,0 67,7
32,3 0,0 67,7
34,1 0,0 65,9
31,7 0,0 68,3
29,5 0,2 69,9
33,0 0,2 66,8
34,3 0,0 65,7
31,2 0,0 68,8
33,9 0,2 65,8
33,3 0,0 66,5
33,9 0,2 65,7
31,2 0,0 68,8
35,1 0,3 64,6
32,7 0,0 66,6
33,5 0,0 66,5
33,8 0,0 66,2
29,6 0,1 70,2
32,2 0,0 67,6
33,4 0,3 66,3
33,4 0,0 66,5
31,7 0,0 68,0
36,2 0,0 63,8
34,7 0,0 65,3
33,7 0,0 65,8
35,7 0,0 64,3
32,2 0,0 67,8
34,3 0,3 65,1
35,0 0,0 65,0
31,6 0,2 68,2
32,1 0,2 67,7
31,3 0,2 68,3
1,5 0,0 98,5
0,2 0,0 99,8
1,9 0,0 98,1
0,5 0,0 99,5
26,8 0,3 72,8
20,1 0,0 79,9
20,8 0,3 78,9
26,1 0,0 73,6
26,6 0,0 73,4
27,4 0,4 71,9
27,6 0,0 72,4
2,5 0,0 97,2
1,5 0,0 98,5
13,7 0,0 86,0
21,5 0,3 78,1
31,1 0,3 68,6
1,6 0,0 98,0
1,0 0,5 98,5
31,4 0,0 68,6
32,2 0,0 67,8
34,5 0,3 64,8
32,2 0,0 67,5
32,0 0,0 68,0
32,7 0,0 67,3
34,1 0,3 65,6
34,0 0,0 66,0
30,0 0,2 69,8
32,4 0,0 67,6
29,1 0,0 70,8
33,6 0,0 66,4
4,9 0,2 94,6
29,5 0,0 70,5
31,4 0,0 68,4
33,6 0,0 66,4
31,9 0,2 67,7
31,0 0,0 69,0
20,8 0,3 78,9
0,2 0,0 99,8
6,6 0,6 92,8
7,3 0,5 91,8
14,8 0,0 85,2
9,4 0,0 90,6
33,8 0,0 66,2
32,0 0,0 68,0
30,7 0,0 69,3
36,3 0,0 63,7
28,8 0,0 71,0
35,1 0,0 64,9
36,3 0,0 63,7
31,8 0,0 68,2
36,1 0,0 63,9
33,0 0,0 67,0
30,8 0,0 69,2
32,1 0,2 67,4
32,7 0,0 67,0
31,8 0,0 68,2
31,2 0,0 68,6
33,3 0,0 66,7
19,0 0,4 80,6
1,0 0,0 99,0
15,9 0,0 84,1
17,9 0,4 81,7
30,8 0,0 69,2
31,1 0,3 68,3
36,6 0,3 63,1
34,2 0,0 65,8
33,1 0,0 66,9
32,4 0,0 67,4
34,2 0,0 65,8
33,4 0,0 66,6
32,2 0,0 67,8
32,7 0,0 67,3
32,8 0,2 66,9
35,2 0,0 64,3
0,0 0,2 99,8
0,4 0,0 99,6
1,9 0,5 96,7
34,1 0,2 65,7
31,0 0,0 69,0
31,5 0,0 68,5
31,2 0,0 68,8
31,1 0,0 68,9
34,5 0,0 65,5
32,2 0,0 67,8
30,5 0,0 69,2
32,0 0,0 68,0
32,1 0,0 67,9
28,7 0,2 70,9
34,7 0,0 65,3
31,6 0,0 68,4
32,9 0,0 67,1
31,2 0,2 68,3
30,9 0,0 69,1
32,5 0,0 67,3
34,9 0,0 65,1
35,5 0,0 64,5
32,1 0,0 67,7
36,7 0,0 63,3
32,9 0,0 67,1
31,2 0,0 68,8
34,3 0,2 65,5
24,0 0,4 75,3
5,2 0,0 94,8
33,8 0,0 66,2
33,1 0,0 66,9
30,0 0,0 70,0
35,6 0,6 63,5
31,3 0,0 68,7
30,9 0,0 69,1
10,8 0,5 88,7
0,0 0,0 id,
0,7 0,3 98,6
2,4 0,0 97,6
15,9 0,1 84,0
32,2 0,2 67,5
32,4 0,0 67,2
31,7 0,0 68,1
34,8 0,0 65,2
30,1 0,0 69,9
32,2 0,0 67,8
31,0 0,2 68,5
34,6 0,0 65,4
33,3 0,0 66,7
30,8 0,2 68,3
33,7 0,0 66,0
29,9 0,0 70,1
24,0 0,0 76,0
33,6 0,0 66,4
32,0 0,0 68,0
36,3 0,3 63,4
33,4 0,0 66,6
33,0 0,0 67,0
33,4 0,0 66,6
30,6 0,0 69,2
35,6 0,0 64,4
34,1 0,0 65,9
33,4 0,3 66,2
32,0 0,3 67,8
35,9 0,0 64,1
35,0 0,0 64,7
39,3 0,0 60,7
36,6 0,0 63,4
31,4 0,0 68,6
25,6 0,3 74,0
15,9 0,0 84,1
33,2 0,3 66,4
22,5 0,0 77,3
0,0 0,0 id,
5,3 0,8 93,9
6,2 0,0 93,8
31,7 0,2 67,9
33,2 0,0 66,8
31,8 0,0 67,9
32,0 0,0 68,0
33,4 0,0 66,6
30,8 0,0 69,2
36,3 0,0 63,7
30,1 0,0 69,9
33,9 0,0 65,8
34,8 0,0 65,2
31,2 0,0 68,8
31,8 0,0 68,2
32,4 0,0 67,6
32,5 0,0 67,3
32,5 0,0 67,5
31,9 0,0 68,1
30,2 0,0 69,6
37,0 0,0 63,0
31,2 0,2 68,5
33,2 0,0 66,8
32,3 0,0 67,7
31,3 0,0 68,5
34,2 0,0 65,8
31,8 0,0 68,2
31,6 0,0 68,0
31,2 0,0 68,8
31,4 0,0 68,6
30,5 0,0 69,5
41,2 1,0 55,4
31,8 0,0 68,2
33,1 0,0 66,9
31,9 0,0 68,1
25,6 0,2 74,2
0,2 0,2 99,5
8,0 0,4 91,6
6,0 0,0 94,0
2,0 0,0 98,0
0,5 0,0 99,5
1,0 0,0 99,0
0,2 0,0 99,7
3,2 0,0 95,9
1,0 0,0 99,0
1,4 0,0 98,6
1,0 0,0 99,0
0,5 0,0 99,3
0,5 0,0 99,5
0,5 0,0 99,5
1,0 0,0 99,0
1,9 1,9 94,3
38,4 1,2 58,5
25,0 0,0 75,0
28,0 0,0 72,0
0,5 0,3 99,2
0,5 0,2 99,3
0,2 0,0 99,8
0,5 0,0 99,5
1,0 0,0 99,0
50,2 0,0 49,8
34,8 0,0 64,9
37,8 0,0 62,2
29,7 0,0 70,3
33,7 0,0 66,0
31,8 0,0 68,2
31,5 0,0 68,5
37,6 0,0 62,4
33,6 0,0 66,4
33,1 0,3 66,6
0,0 0,0 id,
0,5 0,5 99,0
0,8 0,0 99,2
28,4 0,1 71,5
36,5 0,0 63,2
30,3 0,0 69,7
31,1 0,0 68,9
32,4 0,0 67,6
30,7 0,1 69,0
35,0 0,3 64,7
33,5 0,0 66,5
34,3 0,3 65,4
37,2 0,0 62,8
32,7 0,0 67,3
31,1 0,2 68,7
33,0 0,2 66,7
33,2 0,0 66,8
34,8 0,0 65,2
30,5 0,2 69,4
30,3 0,0 69,7
33,1 0,0 66,9
33,6 0,0 66,4
37,0 0,0 63,0
36,5 0,0 63,5
32,5 0,0 67,5
30,7 0,0 69,2
35,3 0,0 64,7
33,3 0,2 66,4
30,7 0,0 69,3
33,9 0,0 66,1
31,5 0,0 68,5
32,3 0,0 67,7
32,0 0,2 67,8
32,5 0,0 67,2
36,2 0,0 63,5
34,6 0,0 65,4
35,5 0,0 64,5
35,3 0,0 64,7
31,5 0,0 68,5
30,8 0,0 69,2
35,5 0,0 64,5
29,3 0,0 70,7
32,1 0,0 67,9
32,2 0,0 67,4
32,5 0,0 67,5
31,3 0,0 68,7
16,4 0,0 83,4
31,7 0,4 67,9
31,0 0,0 69,0
31,3 0,3 68,3
30,7 0,0 69,0
29,8 0,2 70,1
29,6 0,0 70,4
31,3 0,3 68,2
12,5 0,6 86,9
0,0 0,0 id,
12,1 0,8 87,0
29,7 0,0 70,3
18,4 0,0 81,2
6,2 0,0 93,8
32,5 0,0 67,5
29,2 0,2 70,6
32,5 0,0 67,5
28,7 0,0 71,3
33,0 0,0 66,8
30,3 0,0 69,7
31,7 0,0 68,3
31,1 0,0 68,9
29,8 0,0 70,2
33,2 0,3 66,5
30,8 0,0 69,0
25,5 0,0 74,5
10,2 0,0 89,8
1,5 0,0 98,5
11,5 0,0 88,5
0,5 0,5 99,0
0,5 0,0 99,5
0,7 0,0 99,0
1,5 0,0 98,5
1,4 0,0 98,6
2,8 0,5 96,7
0,3 0,0 99,7
1,5 0,0 98,5
1,5 0,0 98,5
2,4 0,0 97,6
1,9 0,0 98,1
6,6 0,0 93,0
9,4 0,0 90,6
6,2 0,0 93,8
3,3 0,1 96,5
1,6 0,6 97,8
0,3 0,0 99,7
18,6 0,0 81,4
10,4 0,3 88,9
1,2 0,0 98,8
0,5 0,0 99,5
4,8 0,0 95,2
1,7 0,0 98,3
2,4 1,0 96,6
22,8 0,0 77,2
4,1 0,0 95,9
9,0 0,0 91,0
0,9 0,0 99,1
0,8 0,0 99,2
0,5 0,0 99,5
1,5 0,0 98,5
8,4 0,0 91,6
5,5 0,0 94,3
17,2 0,0 82,8
2,4 0,0 97,6
5,2 0,0 94,8
19,3 0,0 80,7
2,6 0,3 97,1
0,0 0,0 id,
22,8 0,4 76,8
31,2 0,0 68,6
30,9 0,2 68,9
33,2 0,0 66,8
36,0 0,0 64,0
30,6 0,1 69,3
33,0 0,0 66,7
32,8 0,0 67,2
32,8 0,0 67,2
33,0 0,2 66,9
30,0 0,0 69,8
30,8 0,0 69,0
32,9 0,0 66,6
31,7 0,0 68,3
29,9 0,6 69,5
0,3 0,0 99,7
0,5 0,0 99,5
0,5 0,5 98,8
13,0 0,0 87,0
0,5 0,0 99,5
2,4 0,0 97,6
1,0 0,0 99,0
1,0 0,0 99,0
1,0 0,0 99,0
1,5 0,0 98,5
9,2 0,0 90,6
1,0 0,5 98,5
24,1 0,0 75,9
0,8 0,0 99,2
0,2 0,0 99,8
0,5 0,0 99,5
0,5 0,0 99,5
0,5 0,0 99,3
1,5 1,0 97,5
1,0 0,0 98,5
1,0 0,0 99,0
1,0 0,0 99,0
17,8 0,0 82,2
4,0 0,0 95,7
5,1 0,0 94,9
0,3 0,0 99,7
0,7 0,2 99,0
22,5 0,0 77,5
0,3 0,0 99,7
0,3 0,0 99,7
1,0 0,0 98,6
1,2 0,0 98,8
9,5 0,0 90,3
0,5 0,2 99,3
17,2 0,0 82,8
4,9 0,0 95,1
1,1 0,0 98,9
1,0 0,0 99,0
0,5 0,0 99,5
1,5 0,0 98,5
0,4 0,7 98,9
0,0 0,8 99,2
0,7 0,2 99,0
33,9 0,3 65,8
32,6 0,2 67,2
35,3 0,0 64,7
34,6 0,0 65,4
30,7 0,0 69,3
31,0 0,0 68,8
32,0 0,0 68,0
32,2 0,0 67,8
33,8 0,3 65,9
33,3 0,0 66,7
36,2 0,0 63,8
32,3 0,0 67,7
32,6 0,0 67,4
3,9 0,1 96,0
5,6 0,0 94,4
0,5 0,0 99,5
2,0 0,0 98,0
15,7 0,0 84,3
0,7 0,0 99,3
0,5 0,0 99,5
0,5 0,0 99,5
1,0 0,0 99,0
1,5 0,0 98,5
2,0 0,0 98,0
19,7 0,0 80,3
1,8 0,0 98,2
0,5 0,0 99,5
1,0 0,0 99,0
0,5 0,0 99,5
1,0 0,0 99,0
1,0 0,0 99,0
1,5 0,0 98,0
2,0 0,0 97,6
0,5 0,3 99,2
0,5 0,2 99,3
0,5 0,0 99,5
0,7 0,0 99,3
1,0 0,0 99,0
1,5 0,0 98,5
0,5 0,0 99,5
0,5 0,0 99,5
1,0 0,0 99,0
1,0 0,0 99,0
1,5 0,0 98,5
0,3 0,3 99,5
0,5 0,0 99,5
1,0 0,0 99,0
0,0 0,0 99,0
1,9 0,0 98,1
1,0 0,0 99,0
0,3 0,0 99,7
0,5 0,0 99,5
0,0 0,3 99,7
0,0 0,0 id,
0,5 0,5 99,0
35,8 0,3 63,9
33,2 0,0 66,8
31,1 0,2 68,8
29,8 0,0 70,2
30,5 0,0 69,5
29,9 0,0 70,1
34,7 0,3 65,1
34,6 0,0 65,2
33,2 0,3 66,5
29,2 0,0 70,8
32,1 0,0 67,9
32,9 0,0 67,1
32,3 0,2 67,5
29,9 0,2 69,9
1,4 0,0 98,6
0,5 0,0 99,5
0,3 0,0 99,7
0,2 0,0 99,8
0,5 0,0 99,5
0,5 0,0 99,5
1,5 0,0 98,5
2,9 1,0 96,2
2,4 0,0 97,6
0,5 0,0 99,2
1,5 0,0 98,5
1,9 0,0 97,6
1,9 0,0 98,1
0,5 0,0 99,5
1,0 0,0 99,0
1,0 0,0 99,0
0,5 0,0 99,5
0,5 0,0 99,5
1,5 0,0 98,5
1,5 0,0 98,5
0,8 0,0 99,2
0,5 0,0 99,2
1,0 0,0 98,5
1,0 0,0 99,0
1,5 0,0 98,5
2,0 0,0 98,0
2,0 0,0 98,0
3,3 0,0 96,7
14,6 0,0 85,4
1,5 0,0 98,5
0,5 0,0 99,5
1,0 0,0 99,0
1,0 0,0 99,0
0,3 0,3 99,5
30,2 0,3 69,1
26,6 0,0 73,0
30,8 0,0 68,8
31,1 0,2 68,7
31,1 0,0 68,9
31,3 0,0 68,7
30,9 0,0 69,1
30,2 0,2 69,3
32,7 0,0 67,3
33,4 0,0 66,6
29,7 0,0 70,1
32,3 0,0 67,7
0,2 0,5 99,3
0,2 0,7 99,0
30,7 0,2 69,1
33,1 0,0 66,9
30,5 0,0 69,5
37,1 0,2 62,5
28,7 0,0 71,3
33,5 0,0 66,5
32,0 0,3 67,7
34,1 0,0 65,9
35,9 0,0 64,1
34,8 0,0 65,2
31,7 0,0 68,3
32,3 0,0 67,5
32,4 0,0 67,6
32,0 0,0 68,0
30,4 0,0 69,4
31,3 0,0 68,7
34,2 0,0 65,8
30,3 0,0 69,5
33,3 0,0 66,7
33,6 0,0 66,4
32,1 0,0 67,9
33,1 0,0 66,9
31,8 0,2 68,0
32,8 0,0 67,2
33,6 0,3 66,2
32,3 0,0 67,4
31,7 0,0 68,3
31,8 0,0 68,2
33,3 0,0 66,7
33,8 0,0 66,0
29,2 0,0 70,5
35,0 0,0 65,0
31,8 0,0 68,2
35,2 0,0 64,2
36,9 0,0 63,1
33,5 0,0 66,5
31,8 0,0 68,2
34,1 0,0 65,9
33,4 0,3 66,2
32,1 0,0 67,9
32,7 0,2 67,1
35,9 0,0 64,1
32,3 0,0 67,5
32,2 0,2 67,4
33,5 0,0 66,3
37,5 0,0 62,5
35,6 0,0 63,9
34,6 0,3 65,0
32,9 0,0 67,1
30,8 0,0 69,2
33,2 0,0 66,4
32,9 0,0 67,1
30,6 0,3 69,2
32,2 0,0 67,5
29,5 0,0 70,3
33,2 0,0 66,8
32,6 0,0 67,4
31,4 0,0 68,6
33,9 0,0 66,1
30,4 0,0 69,4
32,2 0,0 67,6
19,8 0,6 79,6
0,0 0,0 id,
7,1 0,3 92,6
8,1 0,0 91,9
32,4 0,0 67,6
28,7 0,0 71,3
30,7 0,0 69,1
32,0 0,3 67,7
31,2 0,3 68,2
29,2 0,0 70,8
29,0 0,0 71,0
31,5 0,0 68,3
30,8 0,0 69,2
31,9 0,0 68,1
32,3 0,2 67,4
31,8 0,0 68,2
33,2 0,0 66,8
32,9 0,3 66,5
30,7 0,0 69,3
34,9 0,0 65,1
33,1 0,0 66,7
37,2 0,2 62,6
31,4 0,0 68,6
37,5 0,0 62,2
30,4 0,2 69,5
36,4 0,0 63,4
42,5 0,0 57,3
30,2 0,3 69,5
36,5 0,0 63,5
30,7 0,0 69,3
36,5 0,0 63,2
31,2 0,2 68,7
35,9 0,0 64,1
33,1 0,0 66,6
31,0 0,0 68,8
32,4 0,0 67,6
37,7 0,0 62,3
31,1 0,2 68,6
39,2 0,0 60,8
31,6 0,0 68,4
35,5 0,3 63,9
33,9 0,0 66,1
31,4 0,0 68,4
50,4 0,0 49,6
33,3 0,0 66,7
35,6 0,0 64,1
35,4 0,0 64,3
32,5 0,0 67,5
40,9 0,0 59,1
33,6 0,0 66,4
34,2 0,0 65,8
31,7 0,0 68,3
35,9 0,0 64,1
32,2 0,0 67,8
39,2 0,2 60,6
40,4 0,0 59,6
34,8 0,0 65,2
31,7 0,0 68,3
34,9 0,2 64,4
36,4 0,0 63,4
32,8 0,0 67,2
30,0 0,0 70,0
26,9 0,3 72,8
0,0 0,0 id,
3,7 0,5 95,5
19,2 0,0 80,8
40,0 0,0 60,0
31,8 0,0 68,2
29,2 0,0 70,8
31,6 0,0 68,0
29,0 1,0 69,9
13,7 0,0 86,3
35,2 0,0 64,8
32,9 0,2 66,7
30,9 0,0 69,1
32,1 0,0 67,9
33,5 0,0 66,3
32,7 0,2 66,8
31,6 0,0 68,4
28,7 0,0 71,2
32,5 0,0 67,5
31,7 0,0 68,3
33,4 0,0 66,0
34,1 0,0 65,9
34,1 0,0 65,9
32,0 0,0 68,0
31,9 0,0 68,1
33,6 0,0 66,4
30,8 0,0 68,9
31,5 0,3 68,3
31,8 0,0 68,2
33,5 0,0 66,3
34,6 0,0 64,9
33,9 0,0 66,1
31,6 0,0 68,4
34,3 0,0 65,7
35,3 0,3 64,4
32,6 0,2 67,2
31,9 0,0 68,1
33,1 0,0 66,9
30,9 0,2 69,0
32,1 0,0 67,9
32,0 0,0 67,7
32,3 0,0 67,7
33,4 0,0 66,6
31,7 0,0 68,3
31,7 0,3 67,6
31,4 0,0 68,6
32,0 0,0 68,0
20,6 0,0 79,0
1,0 0,0 99,0
1,2 0,2 98,5
0,5 0,0 99,5
1,0 0,5 98,5
29,5 0,0 70,5
28,5 0,0 71,5
29,6 0,0 70,4
23,0 0,0 77,0
24,3 0,0 75,7
25,9 0,0 73,8
31,4 0,0 68,6
30,6 0,0 69,4
20,0 0,4 79,6
0,0 0,0 id,
9,7 0,9 89,5
2,4 0,0 97,6
1,9 0,0 98,1
1,0 0,0 99,0
30,3 0,3 69,3
31,4 0,0 68,6
28,4 0,0 71,6
31,3 0,0 68,7
35,4 0,0 64,3
32,0 0,0 68,0
30,2 0,0 69,8
26,4 0,0 73,3
30,4 0,2 69,4
32,1 0,0 67,6
30,7 0,0 69,3
31,1 0,2 68,8
30,9 0,0 69,1
34,2 0,3 65,5
31,9 0,0 68,1
34,5 0,0 65,5
30,6 0,2 69,2
29,6 0,0 70,2
31,9 0,0 68,1
31,5 0,0 68,3
33,1 0,0 66,7
34,4 0,2 65,4
32,3 0,0 67,7
30,7 0,0 69,3
31,9 0,1 68,0
29,6 0,3 70,0
31,7 0,0 68,3
34,1 0,0 65,9
33,9 0,0 65,6
32,9 0,0 67,1
30,2 0,3 69,6
33,7 0,0 66,3
35,1 0,0 64,9
35,0 0,0 64,8
31,0 0,3 68,8
37,4 0,0 62,6
33,0 0,0 66,7
31,3 0,2 68,3
33,0 0,0 67,0
33,0 0,0 67,0
31,9 0,2 67,9
34,1 0,0 65,9
29,4 0,0 70,6
33,1 0,0 66,9
32,1 0,0 67,9
32,1 0,0 67,9
30,9 0,3 68,8
28,6 0,0 71,4
32,6 0,0 67,4
32,4 0,0 67,6
31,8 0,0 67,9
34,6 0,0 65,4
33,7 0,0 66,0
37,8 0,0 62,2
31,8 0,0 68,2
36,3 0,0 63,7
29,9 0,0 70,1
25,6 0,4 74,0
0,0 0,2 99,8
1,4 0,4 98,1
1,0 0,0 99,0
1,5 0,0 98,5
1,9 0,0 98,1
2,4 0,0 97,6
3,7 0,0 96,3
4,3 0,0 95,7
28,0 0,0 72,0
17,3 0,0 82,7
9,6 0,0 90,4
0,5 0,0 99,5
0,5 0,2 99,0
13,4 0,4 86,1
1,0 0,0 99,0
1,5 0,0 98,0
0,8 0,0 99,2
1,0 0,5 98,5
14,3 0,0 84,8
2,0 0,0 98,0
0,8 0,0 99,2
0,2 0,0 99,8
0,5 0,0 99,5
3,4 0,0 96,2
0,2 0,2 99,5
0,5 0,0 99,5
0,3 0,0 99,7
0,5 0,0 99,5
0,5 0,0 99,5
1,0 0,0 99,0
0,3 0,0 99,7
0,5 0,0 99,0
0,3 0,0 99,7
0,5 0,5 99,0
0,5 0,0 99,5
1,0 0,0 99,0
0,3 0,0 99,7
0,5 0,0 99,0
0,5 0,0 99,5
0,3 0,0 99,7
0,3 0,3 99,5
12,3 0,0 87,3
0,2 0,0 99,8
0,2 0,0 99,8
0,5 0,0 99,5
0,5 0,0 99,5
1,0 0,0 99,0
0,3 0,0 99,7
0,2 0,2 99,5
0,5 0,0 99,5
0,3 0,0 99,5
0,5 0,0 99,5
1,0 0,0 99,0
1,0 0,0 98,5
0,5 0,0 99,5
1,0 0,0 99,0
0,3 0,0 99,7
0,3 0,0 99,7
0,0 0,0 id,
0,5 0,0 99,5
0,5 0,0 99,5
0,3 0,0 99,7
0,3 0,6 99,1
0,0 0,0 99,8
0,2 0,2 99,5
0,2 0,0 99,8
0,0 0,0 id,
0,2 0,0 99,8
0,0 0,2 99,8
0,2 0,0 99,8
0,0 0,0 id,
0,0 0,0 id,
0,0 0,8 99,2
0,0 0,0 99,8
0,2 0,5 99,2
0,0 0,0 id,
0,0 0,0 id,
0,2 0,0 99,5
0,0 0,2 99,8
0,0 0,0 id,
0,0 0,2 99,8
0,5 0,0 99,5
0,0 0,0 id,
0,0 0,0 99,8
0,0 0,2 99,8
0,2 0,0 99,8
0,3 0,3 99,5
0,0 0,0 id,
0,0 0,2 99,8
0,0 0,0 id,
0,3 0,5 99,2
0,0 0,0 id,
0,0 0,0 id,
0,2 0,0 99,5
0,0 0,2 99,8
0,0 0,0 id,
0,2 0,0 99,8
0,0 0,0 99,8
0,2 0,2 99,3
0,0 0,0 id,
0,0 0,0 id,
0,0 0,0 id,
0,0 0,2 99,8
0,0 0,0 99,8
0,0 0,0 id,
0,0 0,0 id,
0,0 0,2 99,8
0,0 0,0 id,
0,0 0,0 id,
0,2 0,0 99,8
0,0 0,2 99,8
0,0 0,0 id,
0,0 0,0 id,
0,2 0,0 99,8
0,0 0,0 id,
0,0 0,0 id,
0,0 0,2 99,8
0,0 0,0 id,
0,0 0,0 99,8
0,2 0,2 99,5
0,0 0,0 id,
0,0 0,0 id,
0,0 0,0 id,
0,0 0,0 id,
0,0 0,0 id,
0,0 0,0 id,
0,0 0,2 99,8
0,0 0,0 id,
0,2 0,2 99,3
0,0 0,0 id,
0,0 0,0 id,
0,0 0,0 id,
0,0 0,0 id,
0,0 0,0 id,
0,2 0,2 99,5
0,0 0,0 id,
0,0 0,0 id,
0,0 0,2 99,8
0,0 0,0 99,8
0,2 0,0 99,8
0,0 0,0 id,
0,2 0,0 99,8
0,2 0,0 99,8
0,0 0,0 id,
0,0 0,0 id,
0,2 0,0 99,8
0,0 0,0 id,
0,2 0,0 99,8
0,0 0,2 99,5
0,0 0,0 id,
0,2 0,0 99,5
0,0 0,2 99,8
0,0 0,0 id,
0,2 0,0 99,8
0,0 0,0 id,
0,0 0,0 id,
0,2 0,2 99,5
0,0 0,0 id,
0,0 0,0 99,8
0,2 0,0 99,8
0,0 0,2 99,8
0,0 0,0 id,
0,0 0,0 id,
0,0 0,2 99,8
0,0 0,0 99,8
0,2 0,0 99,8
0,0 0,0 id,
0,2 0,0 99,8
0,0 0,2 99,5
0,0 0,0 id,
0,2 0,0 99,8
0,2 0,0 99,8
0,0 0,2 99,8
0,0 0,0 id,
0,2 0,2 99,5
0,0 0,0 id,
0,2 0,0 99,5
0,0 0,0 id,
0,0 0,2 99,5
0,0 0,0 id,
0,0 0,0 id,
0,2 0,2 99,5
0,0 0,0 id,
0,0 0,0 id,
0,2 0,0 99,8
0,0 0,0 id,
0,0 0,2 99,8
0,5 0,0 99,5
0,0 0,0 99,8
0,0 0,0 id,
0,0 0,0 id,
0,2 0,0 99,8
0,0 0,0 id,
0,2 0,0 99,5
0,0 0,0 id,
0,0 0,0 id,
0,2 0,2 99,3
0,0 0,0 id,
0,2 0,0 99,5
0,0 0,0 id,
0,0 0,0 id,
0,2 0,0 99,8
0,2 0,2 99,5
0,0 0,0 99,8
0,0 0,0 id,
0,0 0,0 id,
0,2 0,0 99,8
0,0 0,0 id,
0,0 0,0 id,
0,2 0,0 99,8
0,0 0,2 99,8
0,2 0,0 99,8
0,0 0,2 99,8
0,0 0,0 id,
0,2 0,0 99,8
0,0 0,0 id,
0,0 0,0 id,
0,2 0,0 99,8
0,2 0,0 99,5
0,0 0,0 id,
0,2 0,2 99,5
0,0 0,0 id,
0,2 0,0 99,8
0,0 0,0 id,
0,2 0,0 99,8
0,0 0,2 99,8
0,0 0,0 id,
0,0 0,0 id,
0,0 0,2 99,5
0,2 0,0 99,8
0,0 0,0 id,
0,2 0,2 99,5
0,0 0,0 id,
0,2 0,2 99,3
0,0 0,0 id,
0,0 0,0 id,
0,0 0,0 id,
0,2 0,0 99,8
0,0 0,5 99,3
0,0 0,0 id,
0,2 0,0 99,5
0,0 0,0 id,
0,2 0,2 99,5
0,0 0,0 99,8
0,2 0,2 99,5
0,0 0,0 id,
0,0 0,0 id,
0,0 0,0 id,
0,2 0,0 99,5
0,0 0,0 id,
0,2 0,0 99,8
0,0 0,0 id,
0,0 0,2 99,8
0,2 0,0 99,5
0,2 0,0 99,8
0,0 0,0 id,
0,0 0,2 99,8
0,2 0,0 99,8
0,0 0,0 id,
0,2 0,0 99,8
0,0 0,0 id,
0,0 0,0 id,
0,0 0,2 99,8
0,2 0,0 99,8
0,0 0,0 id,
0,0 0,0 id,
0,2 0,0 99,8
0,0 0,0 id,
0,0 0,2 99,5
0,0 0,0 id,
0,0 0,2 99,8
0,2 0,2 99,5
0,0 0,0 id,
0,2 0,2 99,5
0,0 0,0 id,
0,0 0,0 99,8
0,2 0,2 99,5
0,0 0,0 id,
0,0 0,2 99,5
0,0 0,0 id,
0,2 0,0 99,8
0,0 0,0 id,
0,0 0,2 99,8
0,0 0,0 99,8
0,2 0,0 99,8
0,2 0,2 99,5
0,0 0,0 id,
0,0 0,2 99,8
0,0 0,0 id,
0,0 0,0 id,
0,2 0,0 99,8
0,2 0,2 99,5
0,0 0,0 id,
0,0 0,0 99,8
0,2 0,0 99,8
0,0 0,0 id,
0,2 0,0 99,8
0,0 0,0 id,
0,0 0,2 99,8
0,0 0,0 id,
0,2 0,0 99,8
0,0 0,0 id,
0,2 0,0 99,8
0,0 0,2 99,8
0,0 0,2 99,8
0,0 0,0 id,
0,0 0,0 id,
0,0 0,0 id,
0,2 0,0 99,3
0,0 0,0 id,
0,2 0,0 99,8
0,0 0,2 99,8
0,2 0,0 99,8
0,0 0,0 id,
0,2 0,0 99,8
0,0 0,0 id,
0,0 0,2 99,8
0,0 0,0 id,
0,2 0,0 99,8
0,0 0,2 99,8
0,0 0,2 99,8
0,0 0,0 id,
0,2 0,0 99,8
0,0 0,0 99,8
0,0 0,0 id,
0,0 0,2 99,8
0,2 0,0 99,8
0,2 0,0 99,8
0,0 0,0 id,
0,0 0,0 id,
0,2 0,0 99,5
0,2 0,0 99,8
0,0 0,0 id,
0,0 0,2 99,5
0,0 0,0 id,
0,0 0,2 99,8
0,2 0,0 99,8
0,0 0,0 id,
0,2 0,2 99,5
0,0 0,0 id,
0,0 0,2 99,8
0,0 0,0 id,
0,2 0,0 99,8
0,0 0,2 99,5
0,0 0,0 99,8
0,2 0,0 99,8
0,0 0,0 id,
0,2 0,0 99,8
0,0 0,0 id,
0,2 0,0 99,8
0,0 0,5 99,5
0,0 0,0 id,
0,0 0,0 id,
0,2 0,2 99,3
0,0 0,0 id,
0,0 0,2 99,8
0,0 0,0 id,
0,2 0,0 99,8
0,0 0,0 id,
0,0 0,0 id,
0,2 0,0 99,8
0,0 0,0 id,
0,2 0,0 99,8
0,0 0,0 99,8
0,2 0,0 99,8
0,2 0,2 99,5
0,0 0,0 id,
0,0 0,2 99,8
0,0 0,0 id,
0,2 0,0 99,8
0,0 0,2 99,5
0,0 0,2 99,8
0,0 0,0 id,
0,2 0,0 99,8
0,0 0,0 id,
0,0 0,0 id,
0,2 0,0 99,8
0,0 0,2 99,8
0,0 0,0 99,8
0,2 0,2 99,5
0,0 0,0 id,
0,2 0,0 99,8
0,2 0,0 99,8
0,0 0,0 id,
0,0 0,0 id,
0,0 0,2 99,5
0,0 0,0 id,
0,2 0,0 99,8
0,0 0,0 99,8
0,2 0,2 99,5
0,0 0,0 id,
0,0 0,0 id,
0,0 0,2 99,8
0,0 0,0 id,
0,0 0,2 99,8
0,0 0,0 id,
0,0 0,2 99,8
0,0 0,0 99,8
0,0 0,0 id,
0,2 0,2 99,5
0,0 0,0 id,
0,0 0,0 id,
0,2 0,0 99,8
0,0 0,2 99,5
0,0 0,0 id,
0,2 0,2 99,5
0,2 0,0 99,8
0,0 0,0 id,
0,0 0,0 id,
0,2 0,2 99,5
0,2 0,0 99,8
0,0 0,0 id,
0,0 0,0 id,
0,0 0,0 99,8
0,2 0,2 99,5
0,2 0,0 99,8
0,0 0,0 id,
0,0 0,0 id,
0,2 0,0 99,8
0,0 0,2 99,8
0,0 0,0 id,
0,0 0,0 id,
0,0 0,0 id,
0,2 0,0 99,5
0,0 0,0 id,
0,2 0,0 99,8
0,0 0,0 id,
0,2 0,0 99,8
0,0 0,0 99,8
0,0 0,0 id,
0,2 0,0 99,8
0,2 0,0 99,8
0,0 0,0 id,
0,0 0,2 99,5
0,0 0,0 id,
0,0 0,2 99,8
0,2 0,0 99,8
0,0 0,0 99,8
0,0 0,0 id,
0,2 0,2 99,5
0,0 0,0 id,
0,0 0,0 id,
0,2 0,0 99,8
0,0 0,0 99,8
0,2 0,0 99,5
0,0 0,0 id,
0,2 0,0 99,8
0,0 0,2 99,8
0,0 0,0 id,
0,2 0,2 99,5
0,0 0,0 id,
0,0 0,0 id,
0,2 0,0 99,8
0,0 0,0 99,8
0,2 0,0 99,8
0,0 0,0 id,
0,0 0,0 id,
0,0 0,2 99,8
0,0 0,2 99,8
0,0 0,0 id,
0,2 0,0 99,8
0,0 0,0 id,
0,0 0,0 id,
0,2 0,0 99,5
0,0 0,0 id,
0,0 0,0 id,
0,2 0,0 99,8
0,0 0,0 id,
0,2 0,5 99,3
0,0 0,0 id,
0,2 0,0 99,8
0,0 0,0 id,
0,0 0,0 id,
0,2 0,0 99,5
0,0 0,0 id,
0,0 0,0 id,
0,2 0,0 99,8
0,0 0,0 id,
0,0 0,0 id,
0,0 0,0 id,
0,0 0,2 99,5
0,2 0,0 99,8
0,0 0,0 id,
0,0 0,0 id,
0,0 0,0 id,
0,0 0,0 id,
0,2 0,2 99,5
0,0 0,0 id,
0,0 0,0 99,8
0,0 0,2 99,8
0,0 0,2 99,8
0,0 0,0 id,
0,0 0,0 id,
0,0 0,0 99,8
0,0 0,0 id,
0,0 0,0 id,
0,0 0,0 id,
0,0 0,0 id,
0,0 0,2 99,5
0,0 0,0 id,
0,0 0,2 99,8
0,0 0,0 id,
0,0 0,0 id,
0,0 0,2 99,8
0,0 0,0 id,
0,0 0,0 id,
0,0 0,2 99,8
0,0 0,0 id,
0,0 0,0 99,8
0,0 0,2 99,8
0,0 0,0 id,
0,2 0,0 99,8
0,0 0,2 99,8
0,0 0,0 id,
0,0 0,0 id,
0,2 0,0 99,8
0,0 0,0 id,
0,0 0,2 99,8
0,2 0,0 99,8
0,0 0,0 id,
0,0 0,0 id,
0,0 0,0 id,
0,0 0,0 id,
0,0 0,2 99,5
0,2 0,0 99,8
0,0 0,0 id,
0,2 0,0 99,8
0,0 0,0 id,
0,5 0,2 99,3
0,0 0,0 id,
0,0 0,0 id,
0,0 0,0 id,
0,2 0,0 99,5
0,2 0,0 99,8
0,0 0,0 id,
0,0 0,0 99,8
0,0 0,0 id,
0,2 0,0 99,8
0,0 0,0 99,8
0,2 0,0 99,8
0,0 0,0 id,
0,0 0,0 id,
0,2 0,0 99,8
0,0 0,0 id,
0,2 0,0 99,8
0,0 0,0 id,
0,0 0,2 99,8
0,0 0,0 id,
0,0 0,0 99,8
0,2 0,0 99,8
0,0 0,0 id,
0,2 0,0 99,8
0,0 0,0 id,
0,0 0,0 id,
0,5 0,0 99,5
0,0 0,0 id,
0,0 0,0 id,
0,0 0,0 id,
0,2 0,0 99,8
0,2 0,0 99,8
0,0 0,0 id,
0,0 0,0 id,
0,0 0,0 id,
0,0 0,2 99,3
0,0 0,0 id,
0,0 0,0 id,
0,0 0,0 id,
0,2 0,0 99,8
0,0 0,0 id,
0,2 0,0 99,8
0,0 0,0 id,
0,0 0,0 id,
0,0 0,0 id,
0,0 0,2 99,8
0,2 0,0 99,8
0,0 0,0 id,
0,2 0,0 99,8
0,0 0,0 id,
0,0 0,0 99,5
0,2 0,0 99,8
0,0 0,0 id,
0,2 0,0 99,8
0,0 0,0 id,
0,2 0,0 99,8
0,0 0,0 id,
0,2 0,0 99,8
0,0 0,0 id,
0,5 0,2 99,3
0,0 0,2 99,8
0,0 0,0 id,
0,0 0,0 id,
0,0 0,0 id,
0,0 0,0 id,
0,0 0,0 99,8
0,2 0,0 99,8
0,2 0,0 99,8
0,0 0,0 id,
0,0 0,0 id,
0,0 0,0 id,
0,2 0,0 99,8
0,0 0,0 id,
0,2 0,0 99,8
0,0 0,0 id,
0,0 0,0 99,8
0,2 0,0 99,8
0,0 0,0 id,
0,2 0,0 99,8
0,0 0,0 id,
0,0 0,0 id,
0,2 0,0 99,8
0,0 0,0 id,
0,0 0,0 id,
0,2 0,0 99,8
0,0 0,0 99,5
0,0 0,0 id,
0,0 0,0 id,
0,0 0,2 99,8
0,0 0,0 id,
0,2 0,0 99,8
0,0 0,0 id,
0,2 0,0 99,8
0,0 0,0 id,
0,0 0,0 id,
0,2 0,0 99,8
0,0 0,0 id,
0,2 0,0 99,8
0,0 0,2 99,8
0,0 0,0 id,
0,0 0,0 99,8
0,2 0,0 99,8
0,0 0,0 id,
0,2 0,0 99,8
0,0 0,0 id,
0,0 0,0 id,
0,0 0,0 id,
0,0 0,0 id,
0,2 0,0 99,8
0,0 0,0 id,
0,2 0,0 99,8
0,0 0,0 id,
0,0 0,0 id,
0,0 0,2 99,8
0,2 0,0 99,8
0,0 0,0 99,8
0,2 0,0 99,8
0,0 0,0 id,
0,0 0,2 99,8
0,2 0,0 99,8
0,0 0,0 id,
0,2 0,0 99,8
0,0 0,0 id,
0,0 0,2 99,8
0,2 0,0 99,8
0,0 0,0 99,8
0,0 0,0 id,
0,0 0,2 99,8
0,0 0,0 id,
0,0 0,0 id,
0,2 0,0 99,8
0,0 0,0 id,
0,0 0,0 id,
0,0 0,0 id,
0,2 0,0 99,8
0,0 0,0 99,8
0,2 0,0 99,8
0,0 0,0 id,
0,0 0,0 id,
0,0 0,0 id,
0,2 0,0 99,5
0,0 0,0 id,
0,0 0,0 id,
0,0 0,0 id,
0,2 0,0 99,8
0,0 0,0 id,
0,0 0,0 id,
0,0 0,0 id,
0,2 0,0 99,8
0,0 0,0 id,
0,0 0,0 id,
0,0 0,0 id,
0,2 0,0 99,8
0,0 0,0 id,
0,0 0,0 id,
0,2 0,0 99,5
0,0 0,2 99,8
0,0 0,0 id,
0,0 0,2 99,8
0,0 0,0 id,
0,2 0,0 99,8
0,0 0,0 id,
0,2 0,0 99,8
0,0 0,0 id,
0,0 0,0 id,
0,2 0,0 99,8
0,0 0,0 id,
0,0 0,0 id,
0,0 0,0 id,
0,2 0,0 99,8
0,0 0,2 99,5
0,2 0,0 99,8
0,0 0,0 id,
0,2 0,0 99,8
0,2 0,0 99,8
0,0 0,0 99,8
0,0 0,0 id,
0,2 0,2 99,5
0,0 0,0 id,
0,0 0,0 id,
0,0 0,0 id,
0,2 0,0 99,8
0,0 0,0 99,8
0,0 0,2 99,8
0,0 0,0 id,
0,2 0,0 99,5
0,0 0,0 id,
0,0 0,0 id,
0,0 0,0 id,
0,2 0,0 99,8
0,0 0,0 id,
0,0 0,0 id,
0,0 0,0 id,
0,2 0,0 99,8
0,2 0,0 99,8
0,0 0,0 99,8
0,0 0,0 id,
0,2 0,0 99,8
0,0 0,0 id,
0,2 0,0 99,8
0,0 0,0 id,
0,2 0,0 99,8
0,0 0,0 id,
0,0 0,0 id,
0,0 0,0 id,
0,0 0,0 id,
0,0 0,0 99,8
0,0 0,2 99,8
0,2 0,0 99,8
0,0 0,0 id,
0,0 0,0 id,
0,0 0,0 id,
0,0 0,0 id,
0,2 0,0 99,8
0,0 0,0 id,
0,0 0,0 id,
0,0 0,0 id,
0,2 0,0 99,8
0,0 0,2 99,8
0,0 0,0 id,
0,0 0,0 99,5
0,2 0,0 99,8
0,0 0,0 id,
0,2 0,0 99,8
0,0 0,0 id,
0,0 0,2 99,8
0,0 0,0 id,
0,0 0,0 id,
0,2 0,0 99,8
0,0 0,0 id,
0,2 0,0 99,5
0,0 0,0 id,
0,0 0,0 id,
0,2 0,0 99,8
0,0 0,2 99,8
0,2 0,0 99,8
0,0 0,0 id,
0,5 0,2 99,3
0,2 0,0 99,8
0,0 0,0 id,
0,2 0,0 99,5
0,0 0,0 id,
0,0 0,0 id,
0,0 0,0 id,
0,2 0,0 99,8
0,0 0,0 99,8
0,2 0,0 99,8
0,0 0,0 id,
0,0 0,0 id,
0,0 0,0 id,
0,2 0,0 99,8
0,0 0,2 99,8
0,0 0,0 id,
0,2 0,0 99,8
0,0 0,0 id,
0,0 0,0 id,
0,0 0,0 id,
0,2 0,0 99,8
0,0 0,2 99,8
0,0 0,0 id,
0,2 0,0 99,5
0,0 0,0 id,
0,2 0,0 99,5
0,2 0,0 99,8
0,0 0,0 id,
0,0 0,0 id,
0,0 0,0 id,
0,2 0,2 99,5
0,0 0,0 id,
0,0 0,0 id,
0,0 0,0 id,
0,2 0,0 99,8
0,0 0,0 id,
0,0 0,0 id,
0,2 0,0 99,8
0,0 0,0 99,8
0,0 0,2 99,8
0,0 0,0 id,
0,0 0,0 id,
0,2 0,0 99,8
0,0 0,0 id,
0,0 0,0 id,
0,2 0,0 99,5
0,0 0,0 id,
0,0 0,0 id,
0,0 0,0 99,8
0,2 0,0 99,8
0,0 0,2 99,8
0,0 0,0 id,
0,0 0,0 id,
0,2 0,0 99,8
0,0 0,0 id,
0,0 0,0 id,
0,0 0,2 99,8
0,2 0,0 99,8
0,0 0,0 id,
0,0 0,5 99,5
0,2 0,0 99,8
0,0 0,0 id,
0,2 0,0 99,8
0,0 0,0 99,8
0,0 0,0 id,
0,0 0,2 99,8
0,0 0,0 id,
0,0 0,0 id,
0,0 0,2 99,5
0,0 0,0 id,
0,0 0,0 id,
0,0 0,0 id,
0,0 0,2 99,8
0,0 0,0 id,
0,0 0,0 id,
0,2 0,0 99,8
0,0 0,0 id,
0,0 0,2 99,8
0,0 0,0 id,
0,0 0,0 id,
0,0 0,0 id,
0,0 0,0 id,
0,0 0,0 id,
0,0 0,2 99,5
0,0 0,2 99,8
0,0 0,0 id,
0,0 0,2 99,8
0,0 0,0 id,
0,0 0,0 id,
0,0 0,2 99,8
0,0 0,0 id,
0,2 0,0 99,8
0,0 0,2 99,8
0,0 0,0 id,
0,0 0,0 id,
0,0 0,0 id,
0,0 0,0 id,
0,0 0,2 99,8
0,0 0,0 id,
0,0 0,0 id,
0,0 0,0 id,
0,0 0,2 99,8
0,0 0,2 99,8
0,0 0,0 99,8
0,2 0,0 99,5
0,0 0,0 id,
0,0 0,0 id,
0,0 0,2 99,8
0,0 0,0 id,
0,0 0,0 id,
0,0 0,0 id,
0,0 0,0 id,
0,0 0,0 id,
0,0 0,0 99,8
0,0 0,2 99,5
0,0 0,0 id,
0,0 0,0 id,
0,0 0,0 id,
0,0 0,2 99,8
0,0 0,0 id,
0,0 0,0 id,
0,0 0,0 id,
0,0 0,0 id,
0,0 0,2 99,5
0,0 0,0 id,
0,0 0,0 id,
0,0 0,0 id,
0,0 0,0 id,
0,0 0,0 id,
0,0 0,0 id,
0,0 0,0 id,
0,0 0,2 99,8
0,0 0,0 id,
0,0 0,0 id,
0,0 0,0 id,
0,0 0,0 id,
0,0 0,0 id,
0,0 0,0 id,
0,0 0,0 99,8
0,0 0,2 99,8
0,0 0,0 id,
0,0 0,0 id,
0,0 0,0 id,
0,2 0,0 99,8
0,0 0,0 id,
0,0 0,0 id,
0,0 0,0 id,
0,0 0,0 id,
0,0 0,0 99,8
0,0 0,0 id,
0,0 0,0 id,
0,0 0,0 id,
0,0 0,0 id,
0,0 0,0 id,
0,2 0,0 99,8
0,0 0,0 id,
0,0 0,0 id,
0,0 0,0 id,
0,0 0,0 id,
0,0 0,0 id,
0,0 0,0 id,
0,0 0,0 id,
0,0 0,0 id,
0,0 0,2 99,5
0,0 0,0 id,
0,0 0,0 id,
0,0 0,0 id,
0,0 0,0 id,
0,0 0,0 id,
0,0 0,0 id,
0,0 0,2 99,8
0,0 0,0 id,
0,0 0,0 id,
0,0 0,0 99,8
0,0 0,0 id,
0,0 0,0 id,
0,0 0,0 id,
0,0 0,0 id,
0,0 0,5 99,5
0,0 0,0 id,
0,0 0,0 id,
0,0 0,0 id,
0,0 0,0 id,
0,2 0,0 99,8
0,0 0,0 id,
0,0 0,0 id,
0,0 0,2 99,8
0,0 0,0 id,
0,0 0,2 99,5
0,0 0,0 id,
0,0 0,0 id,
0,0 0,0 id,
0,0 0,2 99,8
0,0 0,0 id,
0,0 0,0 id,
0,0 0,2 99,8
0,0 0,0 id,
0,0 0,2 99,8
0,0 0,0 99,8
0,0 0,2 99,8
0,0 0,0 id,
0,0 0,0 id,
0,0 0,0 id,
0,0 0,2 99,8
0,0 0,0 id,
0,0 0,0 id,
0,0 0,2 99,8
0,0 0,0 id,
0,0 0,0 id,
0,0 0,2 99,8
0,0 0,2 99,8
0,0 0,0 id,
0,0 0,0 id,
0,0 0,0 99,8
0,0 0,0 id,
0,0 0,2 99,8
0,0 0,2 99,8
0,0 0,0 id,
0,0 0,2 99,8
0,0 0,0 id,
0,0 0,2 99,8
0,0 0,0 id,
0,0 0,0 id,
0,0 0,0 id,
0,0 0,0 id,
0,0 0,2 99,8
0,0 0,0 id,
0,0 0,0 id,
0,0 0,2 98,8
0,0 0,0 id,
0,0 0,0 id,
0,0 0,0 id,
0,0 0,2 99,8
0,0 0,0 id,
0,2 0,0 99,8
0,0 0,0 id,
0,0 0,0 id,
0,0 0,5 99,5
0,0 0,0 id,
0,0 0,0 id,
0,0 0,2 99,8
0,0 0,0 id,
0,0 0,0 id,
0,0 0,2 99,3
0,0 0,0 id,
0,0 0,0 id,
0,0 0,2 99,8
0,0 0,0 id,
0,0 0,0 id,
0,0 0,0 id,
0,0 0,0 id,
0,0 0,0 id,
0,0 0,0 id,
0,0 0,2 99,5
0,0 0,2 99,8
0,0 0,0 id,
0,0 0,2 99,8
0,0 0,0 id,
0,0 0,0 99,8
0,0 0,2 99,8
0,0 0,2 99,8
0,0 0,0 id,
0,0 0,0 id,
0,0 0,2 98,6
0,0 0,0 id,
0,0 0,0 id,
0,0 0,2 99,8
0,2 0,0 99,8
0,0 0,0 id,
0,0 0,0 id,
0,0 0,0 id,
0,0 0,0 id,
0,0 0,2 99,5
0,0 0,0 99,8
0,2 0,0 99,8
0,0 0,0 id,
0,0 0,0 id,
0,0 0,2 99,8
0,0 0,0 id,
0,0 0,2 99,8
0,0 0,0 id,
0,0 0,0 id,
0,0 0,2 99,8
0,0 0,2 99,5
0,0 0,0 id,
0,0 0,0 id,
0,0 0,0 id,
0,0 0,2 99,8
0,0 0,0 id,
0,0 0,0 id,
0,0 0,2 99,8
0,0 0,0 id,
0,0 0,0 id,
0,0 0,0 96,0
0,0 0,2 99,8
0,0 0,0 id,
