-----io---- Total Memory = 11.301.176 kB
free
10405932
10406788
10406260
10406352
10406384
10406384
10406384
10406384
10406384
10406384
10406424
10406524
10406260
10406260
10406260
10406260
10406260
10406260
10406268
10406268
10406368
10406368
10406204
10406268
10406260
10406260
10406260
10405880
10406152
10406136
10406136
10405752
10406020
10405892
10405892
10406012
10406004
10406004
10405896
10405772
10405740
10405764
10405764
10405764
10405764
10405768
10405780
10405516
10405516
10405508
10405384
10405740
10405772
10405384
10405384
10405384
10405384
10405384
10405384
10405384
10405384
10405744
10405904
10405388
10405516
10405516
10405876
10406020
10406136
10406144
10405652
10405756
10405756
10405756
10405756
10405756
10405756
10405756
10405756
10405756
10405756
10405756
10405756
10405756
10405748
10405748
10405748
10405748
10405748
10405880
10405880
10405984
10405996
10406004
10405960
10405952
10406116
10406128
10406136
10406220
10406392
10406392
10406188
10406252
10406252
10406252
10406252
10406128
10406128
10406128
10406128
10406128
10406128
10405700
10405772
10405384
10405384
10405384
10405392
10405392
10405392
10405268
10405268
10405260
10405260
10405260
10405260
10405400
10405400
10405384
10405384
10405384
10405384
10405384
10405384
10405384
10405392
10405392
10405392
10405384
10405400
10405400
10405496
10405496
10405496
10405508
10405508
10405508
10405508
10405508
10405508
10405508
10405276
10405276
10405012
10405020
10405012
10405012
10405012
10405012
10405524
10405524
10405524
10405320
10405384
10405384
10405384
10405384
10405384
10405384
10405384
10405384
10405384
10405384
10405384
10405384
10405384
10405524
10405524
10405508
10405508
10405508
10405508
10405392
10405392
10405408
10405408
10405144
10405144
10405144
10405144
10405144
10405144
10405144
10405144
10405144
10405144
10405144
10405144
10405144
10405144
10405144
10405144
10405144
10405144
10405136
10405136
10405136
10405136
10405136
10405136
10405136
10405136
10405136
10405136
10405152
10405152
10405152
10405152
10405152
10405144
10405144
10405144
10404884
10404884
10405056
10405020
10405020
10405020
10405020
10405020
10405020
10405020
10405020
10405020
10405020
10405020
10405020
10405020
10405020
10405020
10405020
10405020
10405020
10405020
10405020
10405020
10405020
10405020
10405020
10405020
10405020
10405020
10405020
10405020
10405020
10405020
10405020
10405020
10405020
10405020
10405020
10405020
10405020
10405020
10405020
10405020
10404896
10404896
10404896
10404896
10404896
10404896
10404896
10405036
10405036
10405020
10405020
10405020
10405012
10405012
10405012
10405012
10405012
10405012
10405012
10405012
10405020
10405020
10404748
10405152
10404764
10404764
10404764
10404764
10404764
10404756
10404764
10404764
10404772
10404772
10404772
10404772
10404772
10404772
10404772
10404772
10404772
10404772
10404772
10404904
10405152
10405012
10405020
10405020
10405020
10405020
10405020
10405020
10405020
10404896
10404896
10404896
10404896
10404896
10404896
10404896
10404896
10404896
10404896
10404896
10404888
10404888
10404888
10404888
10404888
10404888
10404888
10404888
10404888
10404888
10404888
10404888
10404896
10404896
10404896
10404896
10405408
10405408
10405268
10405268
10405268
10405268
10405268
10405268
10405268
10405268
10405268
10405268
10405268
10405268
10405268
10405268
10405268
10405268
10405268
10405268
10405268
10405260
10405260
10405260
10405260
10405260
10405260
10405260
10405260
10405196
10405152
10404344
10404524
10404524
10404516
10404516
10404516
10404516
10404516
10404392
10404392
10404392
10404392
10404392
10404392
10404392
10404384
10404384
10404392
10404392
10404392
10404392
10404392
10404400
10404400
10404400
10404400
10404408
10404408
10404408
10404312
10404548
10404648
10404648
10404648
10404648
10404648
10404648
10404648
10404648
10404656
10404656
10404656
10404656
10404656
10404656
10404656
10404656
10404656
10404656
10404656
10404656
10404656
10404656
10404656
10404656
10404656
10404656
10404672
10404672
10404656
10404656
10404656
10404656
10404656
10404656
10404656
10404648
10404648
10404524
10404524
10404524
10404524
10404524
10404524
10404524
10404524
10404524
10404532
10404532
10404532
10404532
10404532
10404532
10404532
10404532
10404532
10404532
10404532
10404300
10404424
10404408
10404408
10404408
10404408
10404408
10404408
10404408
10404408
10404408
10404408
10404408
10404408
10404408
10404408
10404408
10404408
10404408
10404408
10404408
10404408
10404408
10404408
10404408
10404392
10404392
10404392
10404392
10404392
10404216
10404400
10404400
10404384
10404384
10404384
10404384
10404384
10404384
10404384
10404384
10404392
10404392
10404392
10404392
10404392
10404392
10404392
10404392
10404268
10404268
10404268
10404268
10404268
10404268
10404268
10404268
10404268
10404268
10404268
10404268
10404268
10404268
10404268
10404268
10404268
10404268
10404268
10404268
10404268
10404268
10404268
10404268
10404268
10404268
10404268
10404268
10404268
10404268
10404260
10404260
10404260
10404260
10404260
10404260
10404260
10404252
10404260
10404260
10404256
10404284
10404204
10404268
10404268
10404268
10404268
10404268
10404268
10404268
10404260
10404260
10404260
10404260
10404260
10404260
10404260
10404260
10404136
10404136
10404136
10404120
10404120
10404136
10404136
10404136
10404136
10404136
10404136
10404136
10404136
10404136
10404136
10404136
10404136
10404136
10404136
10404136
10404132
10404036
10403216
10403288
10403400
10403400
10403400
10403400
10403400
10403400
10403400
10403400
10403400
10403400
10403400
10403400
10403400
10403400
10403400
10403400
10403400
10403400
10403400
10403400
10403400
10403392
10403392
10403392
10403392
10403392
10403392
10403392
10403392
10403392
10403392
10403400
10403400
10403400
10403400
10403400
10403400
10403400
10403400
10403400
10403400
10403400
10403392
10403392
10403392
10403392
10403392
10403392
10403392
10403268
10403268
10403276
10403276
10403276
10403276
10403276
10403276
10403276
10403276
10403592
10403656
10403700
10403772
10403772
10403772
10403772
10403772
10403772
10403764
10403764
10403764
10403764
10403764
10403772
10403772
10403772
10403772
10403772
10403780
10403780
10403780
10403780
10403780
10403780
10403780
10403780
10403780
10403780
10403780
10403780
10403780
10403780
10403780
10403780
10403780
10403780
10403780
10403780
10403780
10403780
10403672
10403796
10403208
10403392
10403276
10403276
10403276
10403276
10403376
10403400
10403400
10403400
10403400
10403400
10403400
10403400
10403400
10403400
10403400
10403400
10403400
10403400
10403400
10403408
10403400
10403400
10403392
10403588
10403904
10403896
10403888
10403888
10403888
10403896
10403896
10403896
10403896
10403920
10403904
10403904
10403904
10403904
10403904
10403904
10403904
10403904
10403904
10403904
10403904
10403904
10403904
10403904
10403904
10403904
10403780
10403780
10403780
10403780
10403780
10403780
10403780
10403780
10403780
10403780
10403780
10403780
10403780
10403780
10403780
10403780
10403780
10403780
10403780
10403780
10403780
10403780
10403780
10403780
10403780
10403780
10403780
10403780
10403780
10403780
10403764
10403764
10403764
10403764
10403780
10403780
10403780
10404168
10404168
10403796
10403780
10403780
10403780
10403780
10403780
10403656
10403780
10403780
10403780
10403780
10403780
10403780
10403780
10403780
10403780
10403780
10403780
10403780
10403780
10403780
10403780
10403780
10403780
10403780
10403780
10403780
10403780
10403780
10403780
10403780
10403780
10403780
10403780
10403780
10403780
10403788
10403788
10403788
10403788
10403788
10403788
10403788
10403788
10403788
10403788
10403788
10403788
10403788
10403788
10403788
10403788
10403788
10403788
10403788
10403788
10403788
10403788
10403788
10403788
10403788
10403788
10403788
10403788
10403788
10403664
10403664
10403664
10403664
10403664
10403664
10403664
10403664
10403664
10403664
10403664
10403664
10403680
10403680
10403664
10403656
10403656
10403656
10403656
10403656
10403656
10403656
10403656
10403656
10403656
10403656
10403656
10403656
10403656
10403656
10403656
10403656
10403656
10403656
10403656
10403656
10403656
10403656
10403656
10403656
10403656
10403656
10403648
10403648
10403648
10403648
10403648
10403648
10403648
10403656
10403656
10403628
10403796
10403540
10403408
10403408
10403408
10403408
10403408
10403408
10403400
10403400
10403400
10403400
10403400
10403400
10403400
10403400
10403400
10403400
10403400
10403400
10403408
10403408
10403408
10403408
10403408
10403408
10403284
10403284
10403284
10403284
10403400
10403400
10403400
10403400
10403400
10403400
10403400
10403400
10403400
10403400
10403400
10403400
10403400
10403400
10403400
10403400
10403400
10403400
10403400
10403408
10403408
10403408
10403408
10403276
10403276
10403716
10403788
10403648
10403648
10403648
10403648
10403648
10403648
10403648
10403656
10403656
10403656
10403656
10403656
10403656
10403656
10403656
10403656
10403656
10403656
10403656
10403656
10403656
10403656
10403656
10403656
10403656
10403656
10403656
10403656
10403656
10403656
10403656
10403656
10403656
10403648
10403648
10403648
10403648
10403648
10403648
10403748
10403772
10403772
10403772
10403772
10403772
10403772
10403772
10403772
10403772
10404092
10404416
10403996
10403996
10403996
10404052
10404052
10404052
10404052
10404052
10404052
10403928
10403928
10403928
10403928
10403928
10403928
10403928
10403928
10403928
10403928
10403928
10403928
10403928
10403928
10403928
10403928
10403928
10403928
10403928
10403928
10403928
10403928
10403928
10403928
10403928
10403928
10403928
10403928
10403928
10403928
10403928
10403928
10403928
10403928
10403928
10403928
10403928
10403928
10403928
10403928
10403928
10403928
10403928
10403928
10403928
10403928
10403928
10403928
10403928
10403928
10403928
10403928
10403928
10403928
10403928
10403928
10403928
10403928
10403928
10403928
10403928
10403928
10403928
10403928
10403928
10403928
10403928
10403928
10403928
10403928
10403928
10403928
10403928
10403928
10403928
10403928
10403928
10403928
10403928
10403928
10403928
10403928
10403928
10403928
10403928
10403928
10403928
10403928
10403928
10403928
10403928
10403928
10403928
10403928
10403928
10403804
10403804
10403804
10403812
10403812
10403812
10403812
10403812
10403812
10403812
10403812
10403812
10403812
10403812
10403812
10403812
10403812
10403812
10403812
10403812
10403812
10403812
10403812
10403812
10403812
10403812
10403812
10403812
10403812
10403812
10403812
10403812
10403812
10403812
10403812
10403812
10403812
10403812
10403812
10403812
10403812
10403812
10403812
10403812
10403812
10403812
10403812
10403812
10403812
10403812
10403812
10403812
10403812
10403804
10403804
10403804
10403804
10403804
10403804
10403804
10403804
10403804
10403804
10403804
10403804
10403804
10403804
10403812
10403812
10403812
10403812
10403812
10403812
10403812
10403812
10403812
10403812
10403812
10403812
10403812
10403812
10403812
10403812
10403812
10403812
10403812
10403812
10403812
10403812
10403812
10403688
10403688
10403688
10403688
10403688
10403688
10403688
10403688
10403688
10403688
10403688
10403688
10403688
10403688
10403688
10403688
10403688
10403688
10403688
10403688
10403688
10403688
10403688
10403688
10403688
10403688
10403688
10403688
10403688
10403688
10403688
10403688
10403688
10403688
10403688
10403688
10403688
10403688
10403688
10403688
10403688
10403688
10403688
10403688
10403688
10403688
10403688
10403688
10403688
10403688
10403688
10403688
10403688
10403688
10403688
10403688
10403688
10403688
10403688
10403688
10403688
10403688
10403688
10403688
10403688
10403688
10403688
10403688
10403688
10403688
10403688
10403688
10403688
10403688
10403688
10403688
10403688
10403688
10403688
10403688
10403688
10403688
10403688
10403688
10403688
10403688
10403688
10403688
10403688
10403688
10403688
10403688
10403688
10403688
10403688
10403688
10403564
10403564
10403564
10403564
10403564
10403564
10403564
10403564
10403564
10403564
10403564
10403564
10403564
10403572
10403572
10403572
10403572
10403572
10403572
10403572
10403572
10403572
10403572
10403572
10403572
10403572
10403572
10403572
10403572
10403572
10403572
10403572
10403572
10403572
10403572
10403572
10403572
10403572
10403572
10403572
10403572
10403572
10403572
10403572
10403572
10403572
10403572
10403572
10403572
10403572
10403572
10403572
10403572
10403572
10403572
10403572
10403572
10403572
10403572
10403572
10403572
10403572
10403572
10403572
10403572
10403572
10403572
10403572
10403572
10403572
10403572
10403572
10403572
10403572
10403572
10403572
10403572
10403572
10403572
10403572
10403572
10403572
10403572
10403572
10403572
10403572
10403572
10403572
10403572
10403448
10403448
10403448
10403448
10403448
10403448
10403448
10403448
10403448
10403448
10403448
10403448
10403448
10403448
10403448
10403448
10403448
10403448
10403448
10403448
10403448
10403448
10403448
10403448
10403448
10403448
10403448
10403448
10403448
10403448
10403448
10403448
10403448
10403448
10403448
10403448
10403448
10403448
10403448
10403448
10403448
10403448
10403448
10403448
10403448
10403448
10403448
10403448
10403448
10403448
10403448
10403448
10403448
10403448
10403448
10403448
10403448
10403448
10403448
10403448
10403448
10403448
10403448
10403448
10403448
10403448
10403448
10403448
10403448
10403448
10403448
10403448
10403448
10403448
10403448
10403448
10403448
10403448
10403448
10403448
10403448
10403448
10403448
10403448
10403448
10403448
10403448
10403448
10403448
10403448
10403448
10403448
10403448
10403448
10403448
10403324
10403324
10403324
10403324
10403324
10403324
10403324
10403324
10403324
10403324
10403324
10403324
10403324
10403324
10403324
10403324
10403324
10403324
10403324
10403324
10403324
10403324
10403324
10403324
10403324
10403324
10403324
10403324
10403324
10403324
10403324
10403324
10403324
10403324
10403324
10403324
10403324
10403324
10403324
10403324
10403324
10403324
10403324
10403324
10403324
10403324
10403324
10403324
10403324
10403324
10403324
10403324
10403324
10403324
10403324
10403324
10403324
10403324
10403324
10403324
10403324
10403324
10403324
10403324
10403324
10403324
10403324
10403324
10403324
10403324
10403324
10403324
10403324
10403324
10403324
10403324
10403324
10403324
10403324
10403324
10403324
10403324
10403324
10403308
10403316
10403324
10403324
10403324
10403324
10403200
10403200
10403200
10403200
10403200
10403200
10403200
10403200
10403200
10403200
10403200
10403200
10403200
10403200
10403200
10403200
10403200
10403200
10403200
10403200
10403200
10403200
10403200
10403200
10403200
10403200
10403200
10403200
10403200
10403200
10403200
10403200
10403200
10403200
10403200
10403200
10403200
10403200
10403200
10403200
10403200
10403200
10403200
10403200
10403200
10403200
10403200
10403200
10403200
10403200
10403192
10403192
10403192
10403192
10403192
10403192
10403192
10403192
10403192
10403192
10403192
10403192
10403192
10403192
10403192
10403192
10403192
10403192
10403192
10403192
10403192
10403192
10403192
10403192
10403192
10403192
10403192
10403192
10403192
10403192
10403192
10403192
10403192
10403192
10403192
10403192
10403192
10403192
10403192
10403192
10403192
10403192
10403192
10403192
10403192
10403192
10403068
10403068
10403068
10403068
10403068
10403068
10403068
10403068
10403068
10403068
10403068
10403068
10403068
10403068
10403068
10403068
10403068
10403068
10403060
10403060
10403068
10403068
10403068
10403068
10403068
10403068
10403068
10403068
10403068
10403068
10403068
10403068
10403068
10403068
10403068
10403068
10403068
10403068
10403068
10403068
10403068
10403068
10403068
10403068
10403068
10403068
10403068
10403068
10403068
10403068
10403068
10403068
10403068
10403068
10403068
10403068
10403068
10403068
10403068
10403068
10403068
10403068
10403068
10403068
10403068
10403068
10403068
10403068
10403068
10403068
10403068
10403068
10403068
10403068
10403068
10403068
10403068
10403068
10403068
10403068
10403068
10403068
10403068
10403068
10403068
10403068
10403068
10403068
10403068
10403068
10402944
10402944
10402944
10402936
10402936
10402936
10402936
10402936
10402936
10402936
10402936
10402936
10402936
10402936
10402936
10402936
10402936
10402936
10402944
10402944
10402944
10402944
10402944
10402944
10402944
10402944
10402944
10402944
10402944
10402944
10402944
10402944
10402944
10402944
10402944
10402944
10402944
10402944
10402944
10402944
10402944
10402944
10402944
10402944
10402944
10402944
10402944
10402944
10402936
10402944
10402944
10402944
10402944
10402944
10402944
10402944
10402944
10402944
10402944
10402944
10402944
10402944
10402944
10402944
10402944
10402944
10402944
10402944
10402944
10402944
10402944
10402944
10402944
10402944
10402944
10402944
10402944
10402944
10402944
10402944
10402944
10402944
10402944
10402944
10402944
10402944
10402944
10402944
10402944
10402944
10402944
10402944
10402944
10402944
10402944
10402944
10402820
10402820
10402820
10402820
10402820
10402820
10402820
10402820
10402820
10402820
10402820
10402820
10402820
10402820
10402820
10402820
10402820
10402820
10402820
10402820
10402820
10402820
10402820
10402820
10402820
10402820
10402820
10402820
10402820
10402820
10402820
10402820
10402820
10402820
10402820
10402820
10402820
10402820
10402820
10402820
10402820
10402820
10402820
10402820
10402820
10402820
10402820
10402820
10402820
10402820
10402820
10402820
10402820
10402820
10402820
10402820
10402820
10402820
10402820
10402820
10402820
10402820
10402820
10402820
10402820
10402820
10402820
10402820
10402820
10402820
10402820
10402820
10402820
10402820
10402820
10402820
10402828
10402828
10402828
10402828
10402828
10402828
10402828
10402828
10402828
10402828
10402828
10402828
10402828
10402828
10402704
10402704
10402704
10402704
10402704
10402704
10402704
10402704
10402704
10402704
10402704
10402704
10402704
10402704
10402704
10402704
10402704
10402704
10402704
10402704
10402704
10402704
10402704
10402704
10402704
10402704
10402704
10402704
10402704
10402704
10402704
10402704
10402704
10402704
10402704
10402704
10402704
10402704
10402704
10402704
10402704
10402704
10402704
10402704
10402704
10402704
10402704
10402704
10402704
10402704
10402704
10402704
10402704
10402704
10402704
10402704
10402704
10402704
10402704
10402704
10402704
10402704
10402704
10402704
10402704
10402704
10402704
10402704
10402704
10402704
10402704
10402704
10402704
10402704
10402704
10402704
10402704
10402704
10402704
10402704
10402704
10402704
10402704
10402704
10402704
10402704
10402704
10402704
10402704
10402704
10402704
10402704
10402704
10402704
10402704
10402704
10402580
10402580
10402580
10402580
10402580
10402580
10402580
10402580
10402580
10402580
10402580
10402580
10402580
10402580
10402580
10402580
10402580
10402580
10402580
10402580
10402580
10402580
10402580
10402580
10402580
10402580
10402580
10402580
10402580
10402580
10402580
10402580
10402580
10402580
10402580
10402580
10402580
10402580
10402580
10402580
10402580
10402580
10402580
10402580
10402580
10402580
10402580
10402580
10402580
10402580
10402580
10402580
10402580
10402580
10402580
10402580
10402580
10402580
10402580
10402580
10402580
10402580
10402580
10402580
10402580
10402564
10402580
10402580
10402580
10402580
10402580
10402580
10402580
10402580
10402580
10402580
10402580
10402580
10402580
10402580
10402580
10402580
10402580
10402580
10402580
10402580
10402580
10402580
10402580
10402580
10402456
10402456
10402456
10402456
